-0.528 -0.522 -1.99 -1.9 -1.72 -0.379 -0.99 -0.429 -1.17 -1.69 -1.96 -1.73 -0.18 -0.614 -0.215
-0.691 -1.77 -0.552 -0.462 -1.16 -0.647 -0.525 -0.344 -0.55 -0.134 -0.183 -0.772 -0.603 -0.386 -1.76
-1.47 -1.38 -1.14 -0.303 -1.86 -1.04 -1.67 -0.0631 -0.227 -0.722 -0.985 -0.767 -1.1 -1.24 -0.664
-1.72 -1.48 -0.163 -0.304 -1.88 -1.1 -0.871 -1.32 -1.6 -0.0361 -1.57 -1.44 -1.38 -0.0112 -1.45
-1.35 -1.88 -1.62 -0.079 -0.451 -0.152 -0.392 -1.83 -0.323 -0.716 -0.54 -1.93 -1.52 -1.86 -0.837
-1.12 -0.363 -1.04 -0.755 -0.32 -0.472 -1.29 -0.298 -1.57 -0.0756 -1.06 -1.14 -0.919 -1.38 -0.792
-1.19 -0.317 -1.67 -0.135 -1.63 -0.409 -1.81 -0.694 -0.448 -1.54 -0.64 -0.21 -1.61 -0.0639 -0.764
-0.66 -0.805 -0.0963 -1.46 -0.783 -1.46 -1.8 -1.36 -1.89 -0.512 -1.13 -0.674 -1.92 -0.84 -1.74
-1.03 -1.01 -1.48 -0.683 -1.8 -0.534 -1.08 -0.381 -1.78 -0.355 -1.69 -1.09 -1.64 -1.84 -0.897
-1.61 -1.54 -1.59 -0.131 -1.23 -1.18 -1.93 -0.541 -1.23 -1.67 -1.8 -1.24 -1.45 -1.94 -1.97
