0.0129 1.04 -0.339 -0.834 0.275 0.241 -0.879 -0.348 1.44 0.811 0.367 0.715
-0.11 -0.105 -0.0932 0.287 -0.359 0.539 0.699 -0.858 0.511 -0.469 -0.45 0.532
0.459 0.961 -0.474 -0.3 0.574 -0.0376 0.737 -0.964 0.819 0.0381 0.0481 0.907
0.25 1.18 -0.525 -0.695 -1.21 0.557 0.231 -0.676 0.913 -0.799 0.172 0.877
0.396 0.955 0.568 0.471 0.00449 0.741 0.721 -1.03 1.06 -0.641 0.691 0.977
0.384 -0.172 0.527 0.0826 -0.1 -0.0279 0.83 -0.569 1.95 0.329 -0.0573 1.14
0.485 0.474 -0.755 -0.0845 0.739 -0.0715 -0.643 0.447 0.845 0.428 0.24 0.175
1.05 1.11 0.0938 -0.651 -0.614 0.217 0.247 -0.35 0.521 0.0414 0.402 1.46
0.418 0.674 0.771 0.0666 0.114 0.211 0.2 -0.185 0.918 0.0721 0.886 1.68
0.72 1.52 -0.00154 0.192 -0.739 1.21 -0.0382 -0.541 1.18 0.296 0.0938 2.04
